intrinsic:
688.1665101000357 0.0 340.87440655675124 
0.0 688.1511981496926 247.7340205542178 
0.0 0.0 1.0 
distortion:
0.0037871393530922283 0.8051097452843742 0.006597433689189611 0.006050333346125672 -3.4157616019374335 
