intrinsic:
700.0363372134971 0.0 303.92242105336044 
0.0 700.1920241331786 221.48824708057415 
0.0 0.0 1.0 
distortion:
-0.010533624336382868 0.9672315735757583 -0.007404648675709565 -0.00691029149869207 -4.201082796899105 
